Scan Mz Intensity
161 56.0501 0.06770226050325347
161 58.0656 0.312182645653891
161 60.0812 0.4137360364087712
161 62.4783 0.14292699439575732
202 58.0631 0.021654967702407928
202 58.0653 0.04911980478838871
202 60.0812 0.6866209271495196
202 70.0652 0.07394379215456365
202 71.0733 0.05123248456423339
202 73.0287 0.08450719103378704
228 51.3477 0.0941588476278578
228 60.0814 0.5781683626271971
228 71.0734 0.15362759349808378
228 71.6741 0.1453680454605524
393 55.0547 0.017121116043119847
393 69.0701 0.01120270555907842
393 72.0446 0.023250898330162757
393 79.0543 0.19446205876136125
393 83.0854 0.019234834073134643
393 89.071 0.13316423589093215
393 91.0541 0.027478334390192347
393 93.0699 0.023250898330162757
393 100.1121 0.4861551469034031
456 55.0183 0.010866818296689411
456 55.0547 0.015163002274450341
456 56.965 0.02021733636593379
456 57.0339 0.02779883750315896
456 66.7979 0.18953752843062927
456 67.0544 0.01389941875157948
456 69.0703 0.12635835228708617
456 79.0544 0.026535253980288095
456 81.0698 0.06317917614354308
456 83.0491 0.37907505686125853
768 55.0182 0.012239902080783354
768 55.0524 0.010607915136678907
768 55.0547 0.017135862913096694
768 57.0339 0.017135862913096694
768 57.0703 0.051407588739290085
768 59.0494 0.013055895552835577
768 67.0545 0.0277437780497756
768 69.0337 0.18767849857201144
768 69.0703 0.02284781721746226
768 71.0492 0.138718890248878
768 72.0446 0.037535699714402286
768 73.0286 0.02692778457772338
768 79.0544 0.3182374541003672
833 55.0547 0.027758970886932972
833 67.0545 0.01049424509140149
833 69.0702 0.024373730534867976
833 79.0543 0.01997291807718348
833 81.07 0.010832769126607989
833 83.0855 0.017603249830737983
833 83.4522 0.01049424509140149
833 89.0709 0.01049424509140149
833 91.0542 0.16926201760324983
833 93.07 0.08801624915368991
833 97.1012 0.023358158429248477
833 102.0216 0.012525389302640487
833 102.0838 0.5077860528097495
1017 55.0177 0.013102480112306972
1017 55.0203 0.011230697239120261
1017 55.0541 0.0271408516612073
1017 57.0334 0.11230697239120262
1017 67.0539 0.013102480112306972
1017 69.0702 0.10294805802526907
1017 72.0441 0.14038371548900327
1017 74.0964 0.0542817033224146
1017 79.0544 0.3837154890032756
2238 53.0391 0.014343635250917993
2238 55.0548 0.02103733170134639
2238 57.0339 0.1721236230110159
2238 58.2633 0.01625611995104039
2238 58.9954 0.012431150550795593
2238 59.0689 0.014343635250917993
2238 59.0735 0.011474908200734393
2238 61.011 0.022949816401468787
2238 62.0144 0.03824969400244798
2238 69.0339 0.024862301101591187
2238 69.0702 0.30599755201958384
2238 70.029 0.10327417380660955
2238 70.0653 0.01778610771113831
2238 70.0734 0.01625611995104039
2238 70.574 0.13196144430844553
2331 55.0548 0.03855474774179335
2331 56.0499 0.012667988543732099
2331 57.034 0.013218770654329148
2331 57.0451 0.2340823970037453
2331 58.0656 0.03304692663582287
2331 59.0735 0.030293016082837628
2331 60.0449 0.020378938092090768
2331 60.0563 0.015972681207314387
2331 60.0812 0.010189469046045384
2331 61.0289 0.011015642211940957
2331 67.0547 0.014595725930821767
2331 68.0499 0.010189469046045384
2331 69.0338 0.010464860101343908
2331 69.0664 0.012943379599030623
2331 69.0702 0.03855474774179335
2331 70.0654 0.02616215025335977
2331 70.0735 0.16523463317911435
2331 71.0495 0.025060586032165676
2331 71.0606 0.09363295880149813
2571 57.0339 0.07231006556112611
2571 58.0656 0.4290397223293482
2571 59.0734 0.011087543386039336
2571 59.5796 0.015426147319706903
2571 60.0559 0.057848052448900886
2571 60.0811 0.042421905129193985
2571 62.0604 0.10123409178557655
2571 63.0636 0.057848052448900886
2571 64.0645 0.04001156961048978
2571 66.4713 0.10605476282298495
2709 56.05 0.03637157197934095
2709 58.0656 0.8583690987124464
2709 60.0449 0.04946533789190369
4278 50.5502 0.06594625380315043
4278 51.4321 0.6144991831657199
4278 53.9422 0.014987784955261462
4278 54.0018 0.019484120441839902
4278 56.2792 0.03746946238815366
4278 57.0339 0.17985341946313754
5256 50.0742 0.022907933017203858
5256 53.039 0.012370283829290084
5256 55.0184 0.02084621904565551
5256 55.0547 0.016722791102558816
5256 55.5552 0.014890156461182507
5256 57.034 0.18326346413763087
5256 59.0494 0.09163173206881543
5256 62.9798 0.013973839140494354
5256 67.0546 0.5268824593956887
5784 50.0742 0.01380114089431393
5784 52.2314 0.14107832914187574
5784 55.0547 0.0950745261608293
5784 57.0238 0.014107832914187574
5784 57.5925 0.6747224437220144
6248 50.0744 0.013720666161998485
6248 55.0547 0.012301286903860712
6248 60.464 0.10881907645722937
6248 65.0941 0.10408781226343679
6248 65.55 0.0757002271006813
6248 67.6398 0.6150643451930355
10262 58.0656 0.01998815516730826
10262 59.0734 0.16656795972756885
10262 60.0812 0.7773171453953213
10289 58.0655 0.013708991207336674
10289 59.0733 0.1654533421575116
10289 59.0761 0.8036305190507705
10330 57.6659 0.09648688767936665
10330 58.3301 0.8040573973280554
10330 69.6069 0.06432459178624443
10330 89.0382 0.011133102424542306
10458 55.0548 0.022399507663346713
10458 55.9126 0.09729079086100087
10458 56.0499 0.014933005108897808
10458 57.0339 0.0407263775697213
10458 57.0703 0.7919017860779141
10793 55.0547 0.06262300948291287
10793 57.0339 0.011451064591161209
10793 57.0704 0.500984075863303
10793 60.0811 0.01699767400250492
10793 67.0545 0.010914295938450528
10793 69.0701 0.025049203793165147
10793 71.0857 0.012703524780819467
10793 79.0544 0.2147074610842727
11195 57.0338 0.06707017830852283
11195 57.0599 0.5725503026337314
11195 57.0704 0.01570423687223949
11195 58.0657 0.011451006052674628
11195 60.0812 0.03598887616554883
11195 67.0545 0.22902012105349256
11423 55.0547 0.05176957831325301
11423 57.0339 0.5176957831325302
11423 57.0703 0.015530873493975904
11423 58.0655 0.015060240963855422
11423 60.0448 0.033414909638554216
11423 60.0812 0.20707831325301204
12264 55.0184 0.016646115906288533
12264 55.0547 0.12946979038224415
12264 57.0339 0.014180024660912454
12264 60.8383 0.12330456226880394
12264 69.0701 0.027743526510480888
12264 79.0543 0.6041923551171393
12505 51.1168 0.019560771761358585
12505 57.0339 0.07409383242938858
12505 57.0704 0.35565039566106516
12505 58.0657 0.025191903025992116
12505 60.0812 0.38528792863282063
12505 60.0841 0.016300643134465487
12505 65.9327 0.021339023739663912
12505 67.0546 0.041492546160457604
12549 58.0655 0.014430960970810102
12549 59.0734 0.1377500819940964
12549 60.0812 0.0354214496556248
12549 60.9869 0.787143325680551
12550 58.0655 0.014748310857522099
12550 59.0733 0.17513619143307493
12550 60.0811 0.8019394028777641
12551 56.05 0.02042205582028591
12551 58.0655 0.1512744875576734
12551 59.0734 0.04538234626730202
12551 60.0812 0.7412449890325996
12556 57.1749 0.018430348640761787
12556 58.0655 0.1535862386730149
12556 58.0682 0.011518967900476117
12556 59.0732 0.026877591767777608
12556 60.0812 0.7448932575641223
12559 58.0655 0.023691335740072202
12559 59.0735 0.13537906137184116
12559 60.0812 0.012409747292418772
12559 60.9581 0.06768953068592058
12559 60.9869 0.7220216606498195
12559 62.9294 0.0157942238267148
12649 58.0656 0.021418835594210425
12649 60.0812 0.08437723112870774
12649 62.4775 0.3569805932368404
12649 67.0547 0.02855844745894723
12649 69.0702 0.4024144869215292
12649 71.0732 0.014279223729473616
12649 81.0699 0.039592393068085936
12698 57.0339 0.07169167634916318
12698 57.0365 0.6180316926651999
12698 58.0657 0.017057674717559517
12698 59.0735 0.09146869051444959
12698 60.0812 0.17304887394625595
12709 50.6657 0.028890879149452518
12709 57.0338 0.06500447808626816
12709 57.0703 0.6644902204374079
12709 60.0812 0.03322451102187039
12709 71.0733 0.08089446161846706
12709 71.0856 0.0895617253633028
12718 55.0549 0.043481465104281816
12718 57.034 0.04569238705873683
12718 60.0813 0.016950401650821727
12718 67.8325 0.47903309013191836
12718 68.2238 0.011054609772275039
12718 69.0702 0.09580661802638367
12718 70.0655 0.19161323605276734
12718 71.0859 0.024320141499005084
12731 55.2621 0.042440318302387266
12731 57.36 0.034482758620689655
12731 62.5692 0.03978779840848806
12731 65.614 0.04509283819628647
12731 83.2248 0.03978779840848806
12731 101.1793 0.05305039787798409
12731 104.1069 0.3448275862068966
12731 121.0451 0.04509283819628647
12731 146.9816 0.058355437665782495
12731 164.1401 0.04774535809018567
12731 339.82 0.050397877984084884
12731 343.9531 0.04509283819628647
12731 405.0892 0.04774535809018567
12731 485.2593 0.10610079575596817
13029 56.05 0.0160655474335288
13029 58.0655 0.14458992690175917
13029 59.0733 0.018073740862719897
13029 60.0812 0.8032773716764399
13939 57.0704 0.032280524083802775
13939 58.0633 0.12659029052471676
13939 58.0658 0.022786252294449017
13939 60.0812 0.03038166972593202
13939 71.0858 0.015823786315589596
13939 72.0811 0.7595417431483005
14012 57.0704 0.01627339300244101
14012 60.0813 0.03417412530512612
14012 68.5658 0.012042310821806347
14012 71.086 0.06997558991049634
14012 72.0811 0.8462164361269324
15286 50.8293 0.021733976132142573
15286 54.5203 0.11064569667272584
15286 55.5723 0.013633130482889434
15286 56.6674 0.04741958428831107
15286 57.777 0.7705682446850549
15317 55.0547 0.08376296261340443
15317 56.0499 0.47190401472340526
15317 57.0339 0.0802236825029789
15317 57.0704 0.04837016150914904
15317 57.6753 0.16516640515319184
15317 58.0655 0.028314240883404316
15333 55.0548 0.01065788198817944
15333 57.034 0.02809805251429125
15333 57.0704 0.013564577075864741
15333 60.8018 0.02519135742660595
15333 60.8053 0.016471272163550044
15333 67.0547 0.01453347543842651
15333 69.0337 0.1065788198817944
15333 69.0703 0.027129154151729482
15333 71.0733 0.01744017052611181
15333 71.0859 0.2616025578916772
15333 73.7458 0.01065788198817944
15333 78.1141 0.16471272163550044
15333 81.0701 0.12595678713302974
15333 83.0858 0.040693731227594225
15360 55.0548 0.01037868669001119
15360 56.0499 0.08573697700444027
15360 57.034 0.49637197213097
15360 57.0677 0.08573697700444027
15360 57.0704 0.04151474676004476
15360 58.0657 0.16696148153496262
15360 59.0733 0.03339229630699253
15376 55.661 0.019788443548967402
15376 57.0673 0.08994747067712455
15376 58.0634 0.01439159530833993
15376 58.066 0.035978988270849825
15376 59.0735 0.809527236094121
15605 57.034 0.0627346012693301
15605 57.0704 0.5436998776675275
15605 57.0728 0.015683650317332525
15605 60.0812 0.014638073629510357
15605 66.3369 0.038686337449420224
15605 67.0545 0.2613941719555421
17159 59.9849 0.02066772655007949
17159 79.0542 0.019077901430842606
17159 83.1517 0.02066772655007949
17159 86.0963 0.0397456279809221
17159 101.564 0.02066772655007949
17159 104.107 0.397456279809221
17159 146.9809 0.025437201907790145
17159 184.073 0.14626391096979333
17159 196.0733 0.05246422893481717
17159 243.8746 0.022257551669316374
17159 271.7381 0.022257551669316374
17159 275.5721 0.02066772655007949
17159 312.6052 0.02702702702702703
17159 473.2638 0.1383147853736089
17159 474.4266 0.02702702702702703
17352 53.0392 0.06092157731501994
17352 55.0183 0.02104563579973416
17352 55.0547 0.011630482941958353
17352 55.219 0.0526140894993354
17352 57.0339 0.11076650420912716
17352 57.0704 0.08861320336730173
17352 64.0589 0.09968985378821445
17352 65.006 0.09415152857775809
17352 65.039 0.08307487815684537
17352 65.6204 0.05538325210456358
17352 67.0546 0.028245458573327425
17352 69.0702 0.024368630926007974
17352 71.0494 0.03322995126273815
17352 71.0858 0.06092157731501994
17665 57.0704 0.020050125313283207
17665 58.0658 0.07919799498746867
17665 59.1794 0.8721804511278195
18178 54.0115 0.07186752907701559
18178 58.0657 0.027867001070679513
18178 59.061 0.7773426614452706
18178 60.0448 0.020533579736290167
18178 60.0561 0.011000132001584019
18178 60.0812 0.046933896540091814
19023 56.9654 0.0545603346367191
19023 60.0448 0.01955078657815768
19023 60.0812 0.02500682004182959
19023 62.9295 0.6365372374283895
19023 64.7581 0.10002728016731836
19023 65.3396 0.029553514594889516
19023 67.0543 0.025461489497135583
19023 69.0702 0.011366736382649813
19023 72.0447 0.03955624261162135
19292 50.2805 0.010830324909747292
19292 55.0547 0.030084235860409144
19292 57.034 0.030084235860409144
19292 57.0703 0.014891696750902527
19292 60.0812 0.01022864019253911
19292 61.3968 0.01654632972322503
19292 67.0545 0.11131167268351384
19292 69.0702 0.024067388688327317
19292 71.0732 0.10379061371841156
19292 71.0858 0.01263537906137184
19292 81.07 0.2557160048134777
19292 83.0856 0.10980746089049338
19292 85.1011 0.10679903730445246
19292 86.0964 0.036101083032490974
20107 55.0183 0.05088528836924216
20107 56.05 0.02428616035804739
20107 56.2081 0.24286160358047393
20107 56.9654 0.010408354439163168
20107 57.0339 0.040476933930078986
20107 58.0659 0.1734725739860528
20107 59.3522 0.3469451479721056
20291 50.4106 0.043080104376938606
20291 56.0499 0.020924622125941608
20291 56.9652 0.13539461375609277
20291 57.0339 0.763133277534341
20457 57.0339 0.015029732732144025
20457 57.0703 0.052277331242240085
20457 60.0812 0.013069332810560021
20457 61.0844 0.5227733124224009
20457 68.77 0.014702999411880023
20457 69.0702 0.010455466248448017
20457 71.0858 0.011108932888976018
20457 81.0699 0.032673332026400055
20457 81.2958 0.06861399725544011
20457 83.0856 0.19930732536104032
20551 56.0501 0.056770785058856243
20551 57.2411 0.27806098804337753
20551 58.0657 0.012744461951988136
20551 60.015 0.18537399202891836
20551 60.0813 0.44026323106868104
20554 53.0514 0.021480179652411637
20554 60.0812 0.07420425698105838
20554 71.0732 0.1386447959382933
20554 81.0699 0.033196641280999806
20554 86.0965 0.6834602616676431
20554 104.107 0.013669205233352862
20554 124.9998 0.013669205233352862
20556 53.0514 0.021480179652411637
20556 60.0812 0.07420425698105838
20556 71.0732 0.1386447959382933
20556 81.0699 0.033196641280999806
20556 86.0965 0.6834602616676431
20556 104.107 0.013669205233352862
20556 124.9998 0.013669205233352862
20570 58.3711 0.017835093977225956
20570 60.0812 0.06859651529702292
20570 63.0724 0.03704211826039237
20570 67.0545 0.027438606118809165
20570 71.0731 0.6996844560296337
20570 81.0702 0.027438606118809165
20570 86.0964 0.021950884895047332
20570 87.1 0.020578954589106874
20570 93.0701 0.010563863355741528
20586 50.462 0.05380460650207976
20586 53.0871 0.2690230325103988
20586 55.0549 0.011381743683132255
20586 56.0499 0.17383026716056535
20586 58.0659 0.45526974732529024
20595 54.3782 0.011654135338345865
20595 55.0546 0.013157894736842105
20595 60.9242 0.010150375939849625
20595 65.2084 0.014285714285714285
20595 67.0546 0.14285714285714285
20595 68.707 0.012781954887218045
20595 69.0703 0.045112781954887216
20595 71.0733 0.09022556390977443
20595 71.0858 0.010526315789473684
20595 80.4485 0.032330827067669175
20595 81.07 0.3684210526315789
20595 83.1158 0.10902255639097744
20595 86.0965 0.041353383458646614
20605 56.0497 0.06299547577946675
20605 58.0628 0.28634307172484885
20605 58.0659 0.01227184593106495
20605 59.0734 0.1963495348970392
20605 60.0812 0.4172427616562083
20626 53.0608 0.05652351261581493
20626 58.0658 0.010488899248295554
20626 60.0812 0.2855311462036012
20626 62.3227 0.013985198997727405
20626 68.0543 0.19812365246780492
20626 69.7713 0.41955596993182215
20629 55.1479 0.05790627455846466
20629 56.0499 0.2688505604500145
20629 58.0632 0.011167638664846755
20629 58.0658 0.17785498614385573
20629 60.0147 0.4549778715307937
20664 50.3792 0.01521566551997883
20664 53.1441 0.0727705742259857
20664 55.0551 0.013892564170415454
20664 56.0498 0.03043133103995766
20664 57.034 0.7277057422598571
20664 58.0658 0.013892564170415454
20664 58.3621 0.010584810796507013
20689 59.6602 0.04361370716510903
20689 60.0784 0.011007268951194185
20689 60.0812 0.2699896157840083
20689 62.9973 0.18899273104880582
20689 71.0731 0.4569055036344756
20706 56.05 0.05803315950252686
20706 58.0659 0.2821056364706167
20706 58.1701 0.01289625766722819
20706 59.0735 0.19344386500842287
20706 60.0812 0.42718853522693384
20719 60.0812 0.059084194977843424
20719 71.0731 0.011078286558345642
20719 72.1598 0.2708025603151157
20719 86.0965 0.011570654849827671
20719 98.984 0.189561792220581
20719 104.1067 0.4431314623338257
21553 50.678 0.11330160888284614
21553 57.0703 0.45320643553138457
21553 58.0656 0.03660513517753491
21553 58.5483 0.3050427931461242
21553 59.0733 0.05577925360386271
21627 58.0656 0.03801478352692714
21627 86.0964 0.12671594508975711
21627 86.4145 0.012671594508975714
21627 87.0997 0.03167898627243928
21627 104.1069 0.26399155227032733
21627 112.0177 0.012671594508975714
21627 146.9821 0.01689545934530095
21627 149.0497 0.013727560718057022
21627 216.1023 0.026399155227032733
21627 238.0841 0.01689545934530095
21627 375.1713 0.02006335797254488
21627 444.2839 0.061246040126715945
21627 445.2686 0.22175290390707497
21627 504.3036 0.13727560718057022
22394 52.8978 0.05712749512736071
22394 55.0547 0.5040661334767121
22394 57.0339 0.015794072182270313
22394 57.0703 0.019826601250084012
22394 58.0655 0.032932320720478525
22394 58.6344 0.21842865783990859
22404 58.0655 0.013112706837339994
22404 59.0733 0.1561036528254761
22404 60.0812 0.8117389946924758
22423 51.0509 0.06500413662687625
22423 52.2562 0.555489894811488
22423 53.4804 0.010046093842335421
22423 53.9213 0.014773667415199148
22423 57.034 0.028956388133790333
22423 57.0703 0.2304692116771067
22667 53.6917 0.0676007866273353
22667 55.0547 0.5469518190757129
22667 56.2495 0.016592920353982302
22667 57.0339 0.011676499508357915
22667 57.0703 0.19665683382497542
22713 50.3527 0.09018216797931822
22713 54.4012 0.46894727349245474
22713 60.0812 0.040281368364095474
22713 63.3814 0.010821860157518187
22713 67.0546 0.29459508206577284
22713 70.3609 0.034870438285336376
22739 53.1471 0.02790301499419911
22739 55.0546 0.08224046524606053
22739 56.05 0.6314892867108219
22739 57.0703 0.03671449341341988
22739 58.0653 0.09545768287489169
22739 60.0812 0.0616803489345454
22741 57.0704 0.11285364050278243
22741 58.0658 0.4669805813908238
22741 60.0811 0.046698058139082385
22741 65.0133 0.2607308246098766
22741 69.0703 0.050589562984005916
22759 50.6595 0.11087095293024089
22759 55.0546 0.47036161849193103
22759 56.05 0.03807689292553727
22759 57.0703 0.2911762400188145
22759 58.0655 0.05375561354193498
22769 58.0657 0.021889022655138448
22769 60.0812 0.07035757282008787
22769 67.0546 0.037524038837380196
22769 71.0732 0.5315905501962195
22769 79.0544 0.12351662783970982
22769 80.9722 0.034397035600931845
22769 81.0701 0.07973858252943292
22769 83.073 0.05159555340139777
22794 50.1343 0.12756211405212653
22794 55.5187 0.4928536224741252
22794 57.034 0.04348708433595222
22794 57.0703 0.25512422810425306
22794 58.0656 0.040587945380222076
22808 51.8349 0.010810810810810811
22808 52.4153 0.012612612612612612
22808 71.0856 0.012612612612612612
22808 72.2895 0.08738738738738738
22808 79.1083 0.4594594594594595
22808 79.1198 0.012612612612612612
22808 86.0965 0.09009009009009009
22808 104.1069 0.012612612612612612
22808 131.4547 0.012612612612612612
22808 146.9814 0.011711711711711712
22808 155.6699 0.016216216216216217
22808 174.2889 0.011711711711711712
22808 182.345 0.013513513513513514
22808 184.0731 0.043243243243243246
22808 248.7083 0.13513513513513514
22808 248.7346 0.027927927927927927
22833 53.039 0.012039278144947893
22833 55.0547 0.016303189154616936
22833 55.2102 0.05643411630444325
22833 55.3059 0.01254091473432072
22833 56.0499 0.0539259333575791
22833 57.0703 0.060196390724739465
22833 65.0389 0.03762274420296216
22833 67.0545 0.07148321398562811
22833 69.0702 0.05643411630444325
22833 70.0654 0.03762274420296216
22833 72.081 0.042639110096690455
22833 72.7431 0.020065463574913154
22833 73.1069 0.06646684809189983
22833 77.0386 0.042639110096690455
22833 79.0544 0.030098195362369733
22833 81.07 0.045147293043554595
22833 82.0651 0.015049097681184866
22833 83.0811 0.010283550082142991
22833 83.0857 0.20065463574913153
22863 58.0654 0.022734550112071726
22863 59.6467 0.07684918347742556
22863 60.0812 0.6083893691962856
22863 62.3671 0.021453730387447967
22863 63.3835 0.011527377521613832
22863 67.0546 0.10246557796990073
22863 69.0702 0.010566762728146013
22863 79.0544 0.060838936919628564
22903 55.0547 0.10202098717450447
22903 57.0704 0.4615235134084726
22903 58.0655 0.03109211037699184
22903 60.0811 0.2914885347842985
22903 62.0604 0.04032258064516129
22976 50.7566 0.014418125643666324
22976 55.0547 0.013731548232063165
22976 57.0704 0.013559903879162375
22976 62.0604 0.013559903879162375
22976 62.245 0.015276347408170271
22976 62.9607 0.029179539993134225
22976 67.0546 0.010470305526948163
22976 67.5554 0.18880878819086852
22976 69.0702 0.02746309646412633
22976 71.0733 0.016649502231376588
22976 71.086 0.0411946446961895
22976 74.4517 0.061791967044284246
22976 79.0542 0.012358393408856848
22976 81.07 0.01561963611397185
22976 83.0494 0.05149330587023687
22976 83.086 0.032612427051150014
22976 83.0899 0.22313765877102643
23058 51.8628 0.10374607447285779
23058 55.0548 0.4486316733961418
23058 55.9477 0.039255271422162404
23058 57.3688 0.3084342754598475
23058 58.0656 0.05047106325706595
23182 55.0547 0.022123893805309734
23182 57.0703 0.02028023598820059
23182 59.3986 0.016777286135693216
23182 65.039 0.01032448377581121
23182 67.0546 0.011799410029498525
23182 71.0732 0.2949852507374631
23182 71.0859 0.012168141592920354
23182 81.0699 0.07743362831858407
23182 83.0857 0.09402654867256637
23182 85.1012 0.015671091445427728
23182 86.0965 0.033185840707964605
23182 95.0857 0.042404129793510326
23182 97.1015 0.27654867256637167
23211 55.0547 0.013442667025137788
23211 57.0339 0.06990186853071649
23211 57.0703 0.034950934265358245
23211 57.4963 0.014786933727651566
23211 60.0812 0.025541067347761796
23211 67.0546 0.48393601290496036
23211 69.0702 0.014786933727651566
23211 79.0544 0.017475467132679123
23211 81.0699 0.017475467132679123
23211 83.0856 0.2016400053770668
23238 52.4968 0.018305439330543932
23238 60.0813 0.06799163179916318
23238 65.3065 0.5753138075313807
23238 67.0545 0.02065899581589958
23238 69.0702 0.09152719665271966
23238 71.0733 0.013336820083682008
23238 79.0543 0.09152719665271966
23238 81.07 0.03138075313807531
23272 54.6516 0.016775611731358823
23272 57.5113 0.06941632440562272
23272 60.0813 0.0144617342511714
23272 67.0547 0.02776652976224909
23272 71.0733 0.6941632440562272
23272 74.0832 0.1156938740093712
23320 54.4918 0.027967464516279395
23320 56.0499 0.036124641666860885
23320 57.034 0.07341459435523341
23320 57.0703 0.5943086209709372
23320 57.4789 0.04078588575290745
23320 58.0657 0.0897289486563964
23320 60.0812 0.010254736989302444
23320 60.9129 0.07224928333372177
23566 56.0499 0.024716786817713696
23566 67.0545 0.044284243048403706
23566 79.0546 0.04737384140061792
23566 81.07 0.05973223480947477
23566 91.0542 0.042224510813594233
23566 93.07 0.07003089598352215
23566 95.0854 0.046343975283213185
23566 98.0961 0.014418125643666324
23566 105.0699 0.07518022657054584
23566 107.0853 0.04943357363542739
23566 109.1011 0.028836251287332648
23566 119.0856 0.037075180226570546
23566 121.1012 0.05046343975283213
23566 121.5867 0.010298661174047374
23566 123.1166 0.015447991761071062
23566 133.1009 0.029866117404737384
23566 135.1168 0.057672502574665295
23566 147.117 0.016477857878475798
23566 149.132 0.01132852729145211
23566 161.132 0.012358393408856848
23566 210.9513 0.01132852729145211
23566 217.1948 0.03192584963954686
23566 234.1861 0.05870236869207003
23566 234.2215 0.15447991761071062
23603 55.0548 0.01037868669001119
23603 56.0499 0.08573697700444027
23603 57.034 0.49637197213097
23603 57.0677 0.08573697700444027
23603 57.0704 0.04151474676004476
23603 58.0657 0.16696148153496262
23603 59.0733 0.03339229630699253
23612 60.0811 0.02912621359223301
23612 84.0246 0.011866235167206042
23612 86.0701 0.011866235167206042
23612 86.0964 0.0668824163969795
23612 91.8672 0.03128371089536138
23612 104.1069 0.6472491909385113
23612 124.9997 0.019417475728155338
23612 184.0728 0.07874865156418555
23612 341.2451 0.014023732470334413
23612 434.3985 0.016181229773462782
23612 482.3579 0.07335490830636461
23647 50.842 0.010855084620318745
23647 55.0547 0.08388019933882666
23647 56.0501 0.5230177135244486
23647 57.0339 0.011841910494893176
23647 57.0703 0.06414368184733804
23647 57.0725 0.02368382098978635
23647 58.0657 0.0345389056101051
23647 60.0812 0.1381556224404204
23647 67.0546 0.02171016924063749
23656 57.0704 0.10794018534119629
23656 58.4734 0.4738837405223252
23656 60.0813 0.04212299915754002
23656 60.9555 0.2632687447346251
23656 69.0701 0.04738837405223252
23743 57.0339 0.010595796421747438
23743 57.0704 0.011116901163800591
23743 60.0811 0.08337675872850443
23743 60.3031 0.03647733194372069
23743 60.8875 0.46899426784783743
23743 67.0546 0.07121764808059754
23743 69.0701 0.014938335938857043
23743 71.0731 0.02431822129581379
23743 81.07 0.14938335938857045
23743 83.0857 0.031266284523189164
24179 54.099 0.0625106552253225
24179 56.3424 0.011081434335398078
24179 57.034 0.5966926180598966
24179 58.0658 0.0125021310450645
24179 59.0737 0.014206967096664204
24179 60.0813 0.0909245894186509
24179 64.5805 0.17900778541796897
24218 53.4009 0.05668113844669561
24218 54.4212 0.5426917510853835
24218 57.0339 0.02050168837433671
24218 57.0703 0.011336227689339121
24218 58.2775 0.09044862518089725
24218 60.0812 0.010733236854799807
24218 70.0914 0.2291365171249397
24253 56.0155 0.013326581198859244
24253 56.05 0.14659239318745168
24253 56.4509 0.812921453130414
24467 55.0658 0.019586240665932182
24467 55.0681 0.0159138205410699
24467 55.0709 0.9303464316317787
24480 56.157 0.04767726161369193
24480 57.0339 0.5378973105134475
24480 57.0704 0.022004889975550123
24480 57.073 0.011002444987775062
24480 60.0813 0.01039119804400978
24480 60.8453 0.08557457212713937
24480 69.0703 0.017726161369193152
24480 70.0657 0.2078239608801956
24512 57.0341 0.02260624937204863
24512 57.0704 0.07033055360192907
24512 58.0657 0.6530694263036271
24512 59.1562 0.04069124886968753
24512 60.0812 0.09042499748819452
24512 61.1678 0.01054958304028936
24512 71.0733 0.07535416457349543
24523 54.2427 0.020501070276462963
24523 55.0548 0.05728240224305828
24523 57.0339 0.512526756911574
24523 57.0704 0.030148632759504357
24523 58.0656 0.010552021465826525
24523 60.0784 0.010250535138231482
24523 60.0812 0.022611474569628268
24523 61.8195 0.06632699207090959
24523 62.7858 0.010853507793421568
24523 66.4121 0.011456480448611656
24523 67.0547 0.02954566010431427
24523 69.0701 0.018089179655702614
24523 71.0732 0.05426753896710784
24525 55.0182 0.020270407232481302
24525 55.0546 0.07702754748342894
24525 56.0499 0.5675714025094765
24525 57.0341 0.01743255021993392
24525 57.0704 0.03851377374171447
24525 58.0657 0.08513571037642147
24525 59.0733 0.07500050676018082
24555 55.8544 0.02784584539986634
24555 55.9707 0.07100690576965916
24555 57.034 0.6404544441969258
24555 57.0704 0.03759189128981956
24555 58.0657 0.10442192024949877
24555 60.0812 0.06961461349966586
24590 57.0703 0.014990006662225183
24590 71.0733 0.10992671552298468
24590 86.0964 0.39973351099267157
24590 91.5674 0.033311125916055964
24590 97.1614 0.03264490339773484
24590 104.1069 0.05329780146568954
24590 109.1144 0.022984676882078614
24590 146.9815 0.23650899400399733
24590 231.3414 0.05329780146568954
24662 51.5683 0.026875152699731248
24662 53.1418 0.06840947959931591
24662 55.0546 0.6230149034937699
24662 57.0341 0.035426337649645735
24662 57.0702 0.08795504519912045
24662 58.0654 0.0769606645492304
25799 50.0972 0.022308979364194088
25799 57.0704 0.0780814277746793
25799 60.0813 0.3532255065997397
25799 67.9726 0.02602714259155977
25799 71.0734 0.40899795501022496
25799 71.0858 0.01728945900725042
25799 75.3069 0.0408997955010225
26053 51.5993 0.03073927967621292
26053 56.0602 0.010758747886674523
26053 57.0339 0.03073927967621292
26053 57.0677 0.017077377597896067
26053 57.0704 0.017077377597896067
26053 62.2091 0.11271069214611404
26053 67.0544 0.02220059087726489
26053 67.4326 0.01536963983810646
26053 69.0702 0.2732380415663371
26053 71.0732 0.010929521662653484
26053 71.0823 0.01007565278275868
26053 71.0859 0.15881961166043343
26053 75.7643 0.13491128302337893
26053 80.0382 0.04952439503389859
26234 57.0703 0.024179620034542316
26234 60.0812 0.07599309153713299
26234 64.1815 0.35233160621761656
26234 68.5832 0.03246977547495682
26234 71.0731 0.4075993091537133
26234 71.0859 0.016580310880829015
26234 81.0701 0.035233160621761656
26254 56.0499 0.017838839689301837
26254 57.0705 0.06651770731604074
26254 58.0657 0.36282385808749495
26254 60.0812 0.019048252549593487
26254 65.456 0.36282385808749495
26254 66.8452 0.023583550775687172
26254 66.8482 0.10280009312479024
26267 57.0339 0.03140096618357488
26267 57.0703 0.033816425120772944
26267 63.61 0.011594202898550725
26267 64.4063 0.021739130434782608
26267 67.0544 0.11835748792270531
26267 67.3894 0.023671497584541065
26267 69.0702 0.03864734299516908
26267 71.0732 0.011352657004830917
26267 71.0857 0.3140096618357488
26267 72.945 0.11352657004830918
26267 79.6139 0.13043478260869565
26267 81.0699 0.04106280193236715
26343 55.0549 0.021649484536082474
26343 56.2697 0.07835051546391752
26343 56.4833 0.35051546391752575
26343 58.0658 0.026804123711340205
26343 60.0812 0.36082474226804123
26343 67.0545 0.010103092783505154
26343 69.0703 0.030927835051546393
26435 54.7344 0.10682476732230367
26435 56.0498 0.03672101376704189
26435 56.5159 0.013353095915287959
26435 57.0452 0.02403557264751833
26435 58.0656 0.28709156217869114
26435 58.7776 0.030712120605162308
26435 60.0561 0.012017786323759164
26435 60.0812 0.2270026305598953
26435 67.0546 0.014020750711052358
26435 69.0701 0.0327150849924555
26435 70.0654 0.10682476732230367
26476 50.624 0.021967078671431082
26476 50.6534 0.021967078671431082
26476 55.0183 0.019038134848573605
26476 55.0547 0.01054419776228692
26476 56.05 0.29289438228574777
26476 57.034 0.017573662937144865
26476 57.0704 0.0644367641028645
26476 58.0655 0.09372620233143929
26476 58.1555 0.019038134848573605
26476 60.081 0.023431550582859822
26476 65.0389 0.048327573077148384
26476 67.0546 0.263604944057173
26703 51.3754 0.020550215445807093
26703 57.0703 0.07292011932383162
26703 60.0812 0.31156778256546236
26703 61.4656 0.02320185614849188
26703 63.9773 0.37785880013258205
26703 67.0546 0.010606562810739144
26703 69.0701 0.010606562810739144
26703 71.0733 0.022538945972820683
26703 71.0858 0.057010275107722906
26744 51.7254 0.06033182503770739
26744 54.3456 0.5865594100888218
26744 55.3958 0.01592089827383945
26744 57.034 0.026814144461203285
26744 57.0703 0.04860063683593095
26744 60.0812 0.20110608345902464
26912 51.8827 0.0657855391423958
26912 57.0339 0.5741283416063633
26912 57.0704 0.015549309251839005
26912 58.0658 0.013755158184319119
26912 60.0812 0.04186352490879732
26912 67.0544 0.22127863166078585
27373 55.0549 0.0670720801287784
27373 56.0499 0.01699159363262386
27373 58.0657 0.036666070470398854
27373 60.0448 0.010731532820604543
27373 60.0813 0.1699159363262386
27373 64.4734 0.08585226256483634
27373 67.0546 0.01878018243605795
27373 68.0499 0.021463065641209086
27373 69.0337 0.14308710427472723
27373 69.07 0.0375603648721159
27373 70.0655 0.029511715256662494
27373 72.0811 0.03219459846181363
27373 73.6324 0.016097299230906813
27373 74.0603 0.07333214094079771
27373 74.0715 0.0867465569665534
27569 57.0339 0.051430153894845114
27569 57.0535 0.013846579894765993
27569 57.0703 0.025715076947422557
27569 58.0656 0.5538631957906397
27569 58.732 0.014637813031609765
27569 60.0812 0.012264113621078451
27569 63.6337 0.059342485263282826
27569 67.0545 0.18593978715828618
27917 50.6581 0.0349004311229727
27917 55.0546 0.01745021556148635
27917 55.9236 0.03387394785464997
27917 57.0338 0.026688564976390886
27917 57.0703 0.016423732293163622
27917 58.0657 0.02258263190309998
27917 59.5551 0.12317799219872716
27917 59.8411 0.02566208170806816
27917 64.5523 0.01745021556148635
27917 67.0545 0.016423732293163622
27917 69.0702 0.01745021556148635
27917 71.0731 0.013344282488195443
27917 71.0857 0.014370765756518168
27917 81.07 0.2566208170806816
27917 83.0856 0.1437076575651817
27917 85.1012 0.09443646068569082
27917 86.0964 0.039006364196263604
29205 57.0339 0.055137066086821465
29205 58.0656 0.6057311485594471
29205 60.0812 0.013978411120602625
29205 67.1708 0.10872097538246486
29205 70.0896 0.20191038285314902
29417 52.2831 0.021107878372981916
29417 53.8489 0.02224884477152148
29417 54.8568 0.02224884477152148
29417 55.0547 0.011980147184665411
29417 56.0498 0.29094643162758854
29417 57.0339 0.015403046380284101
29417 57.0677 0.06275315191967597
29417 57.0704 0.09698214387586286
29417 59.6689 0.01825546237663301
29417 65.0389 0.024530777568600604
29417 67.0545 0.04906155513720121
29417 69.0702 0.2567174396714017
29768 50.1751 0.015137862677959992
29768 55.0546 0.01639935123445666
29768 57.034 0.019823391602090467
29768 57.0704 0.013515948819607137
29768 67.0545 0.2522977112993332
29768 69.0702 0.01748062714002523
29768 71.0733 0.010272121102901424
29768 74.1117 0.0630744278248333
29768 77.0892 0.08289781942692377
29768 80.2948 0.012975310866822852
29768 81.0702 0.015498287979816183
29768 83.0856 0.018021265092809515
29768 85.1015 0.012614885564966661
29768 86.0966 0.03243827716705713
29768 93.07 0.011353397008469995
29768 95.0855 0.030636150657776175
29768 97.1013 0.2522977112993332
29769 50.487 0.018778866162513324
29769 55.0546 0.012688423082779272
29769 56.0499 0.06090443079734051
29769 57.0339 0.012688423082779272
29769 57.5177 0.5075369233111708
29769 58.0656 0.06090443079734051
29769 59.0733 0.024869309242247374
29769 59.0848 0.06597980003045222
29769 60.0812 0.015733644622646297
29769 66.3687 0.05075369233111709
29769 67.0546 0.020809013855758007
29811 55.0548 0.02474508298135586
29811 57.034 0.010239344681940356
29811 57.0704 0.06996885532659243
29811 58.0657 0.010239344681940356
29811 59.299 0.5802295319766202
29811 60.0812 0.034984427663296215
29811 67.0546 0.09386065958445326
29811 69.0667 0.015359017022910534
29811 69.0701 0.06399590426212723
30831 60.056 0.09530026109660575
30831 60.0812 0.048302872062663184
30831 85.0285 0.4699738903394256
30831 136.1399 0.013054830287206266
30831 144.1018 0.015665796344647518
30831 173.0801 0.07571801566579635
30831 184.6942 0.015665796344647518
30831 186.0867 0.02741514360313316
30831 214.1551 0.016971279373368148
30831 232.096 0.02349869451697128
30831 232.1291 0.04177545691906005
30831 232.1544 0.1566579634464752
30943 52.4351 0.10417016700830001
30943 53.2004 0.8064787123223227
30943 84.9598 0.06384623139218387
30944 62.266 0.10500684827271344
30944 81.41 0.8065743418049003
30944 89.0389 0.062395373611322476
31131 57.0704 0.05672609400324149
31131 60.0812 0.5672609400324149
31131 72.0812 0.015937331172339277
31131 79.808 0.011615343057806591
31131 85.0285 0.015937331172339277
31131 85.0648 0.08103727714748785
31131 86.0965 0.1998919502971367
31580 53.0028 0.015163678530015164
31580 53.0391 0.7135848720007136
31580 53.0417 0.0668985817500669
31580 53.998 0.014271697440014271
31580 55.0159 0.09365801445009365
31580 55.0184 0.044153063955044154
32129 55.0548 0.05602702480019774
32129 56.0499 0.2636565872950482
32129 58.0658 0.18126390376534562
32129 60.0812 0.4531597594133641
32835 54.114 0.021078517477604076
32835 56.0714 0.05269629369401019
32835 56.6026 0.585514374377891
32835 57.0339 0.010773464488553194
32835 57.0675 0.012881316236313601
32835 57.0703 0.10187950114175302
32835 58.0657 0.19907488728848294
33156 50.0624 0.024324559117365998
33156 55.0545 0.07384241160628964
33156 55.9357 0.3474937016766571
33156 57.0703 0.02519329337155764
33156 58.0657 0.39527408565719746
33156 60.0812 0.020415254973503605
33156 65.9791 0.04343671270958214
33264 55.4164 0.013686131386861315
33264 60.0812 0.013686131386861315
33264 61.6906 0.011861313868613138
33264 69.4792 0.011861313868613138
33264 86.0964 0.06386861313868614
33264 87.7602 0.013686131386861315
33264 95.5697 0.017335766423357664
33264 104.1068 0.35583941605839414
33264 125.0 0.023722627737226276
33264 184.073 0.3284671532846715
33264 184.0883 0.023722627737226276
33264 197.7588 0.017335766423357664
33264 204.5015 0.016423357664233577
33264 464.7296 0.01824817518248175
33264 492.3076 0.023722627737226276
33264 510.3195 0.046532846715328466
33272 51.1255 0.02362869198312236
33272 52.5904 0.07032348804500703
33272 53.4052 0.4781997187060478
33272 55.0547 0.03375527426160337
33272 56.05 0.2250351617440225
33272 56.9572 0.03938115330520394
33272 57.0337 0.015752461322081576
35076 53.5519 0.02049105345969483
35076 54.0769 0.08050056716308683
35076 55.0546 0.34395696878773463
35076 55.2575 0.02634564016246478
35076 56.0498 0.36591166892312194
35076 57.0339 0.010245526729847415
35076 57.0704 0.021954700135387317
35076 58.0656 0.040250283581543415
35452 53.3385 0.014378853237211685
35452 55.0546 0.057121471764265595
35452 57.0702 0.011818235537434262
35452 58.0656 0.025606176997774233
35452 59.0735 0.5318205991845417
35452 60.0811 0.014772794421792827
35452 69.0698 0.013394000275758829
35452 71.0732 0.02757588292067994
35452 71.8521 0.045303236226831335
35452 71.8554 0.0768185309933227
36513 60.0813 0.021532091097308487
36513 69.3488 0.045548654244306416
36513 86.0965 0.6625258799171843
36513 91.8641 0.062111801242236024
36513 104.1069 0.049689440993788817
36513 113.0723 0.09109730848861283
36513 114.1499 0.010766045548654244
36513 124.9998 0.014078674948240166
37108 52.9481 0.061720775212936674
37108 57.034 0.5863473645228984
37108 57.0704 0.014812986051104801
37108 58.0657 0.015430193803234168
37108 60.0812 0.04011850388840884
37108 67.0546 0.2191087520059252
37148 66.1257 0.027160493827160494
37148 69.4288 0.02962962962962963
37148 86.0964 0.06419753086419754
37148 95.9227 0.02962962962962963
37148 102.2325 0.027160493827160494
37148 104.1069 0.2716049382716049
37148 126.783 0.02962962962962963
37148 129.0691 0.02962962962962963
37148 146.3403 0.03209876543209877
37148 166.0721 0.02962962962962963
37148 212.164 0.02962962962962963
37148 241.9891 0.03950617283950617
37148 258.7463 0.037037037037037035
37148 278.7323 0.02962962962962963
37148 374.7936 0.037037037037037035
37148 463.6393 0.037037037037037035
37148 473.302 0.1580246913580247
37148 532.3713 0.06172839506172839
37172 53.4073 0.024457352491592785
37172 55.0907 0.07184347294405381
37172 56.5351 0.6420055029043106
37172 57.0337 0.04127178232956282
37172 57.0703 0.08560073372057475
37172 58.0654 0.06267196575970652
37288 55.0546 0.019667170953101363
37288 57.0703 0.2118003025718608
37288 60.0812 0.018154311649016642
37288 67.0545 0.012556732223903177
37288 68.0578 0.024205748865355523
37288 69.0702 0.01361573373676248
37288 70.0651 0.05446293494704992
37288 70.0734 0.030257186081694403
37288 81.0701 0.012859304084720122
37288 82.0731 0.012102874432677761
37288 83.0857 0.014069591527987898
37288 84.089 0.0113464447806354
37288 85.0285 0.024205748865355523
37288 93.0698 0.010892586989409985
37288 95.0854 0.08169440242057488
37288 96.0889 0.1664145234493192
37348 53.9864 0.020691809166861874
37348 55.0548 0.07417818380573124
37348 57.034 0.35137034434293746
37348 57.0704 0.026547981572577498
37348 58.0654 0.38260326384008747
37348 59.9732 0.010931521824002498
37348 60.0812 0.010931521824002498
37348 61.607 0.018739751698289998
37348 63.003 0.039041149371437496
37437 55.0547 0.10011680293675955
37437 56.0499 0.010845986984815618
37437 58.0655 0.024194894043050225
37437 58.9954 0.010011680293675955
37437 60.0561 0.01126314033038545
37437 60.0812 0.04171533455698315
37437 61.0111 0.016268980477223426
37437 67.0419 0.01126314033038545
37437 67.474 0.030452194226597697
37437 68.0497 0.02002336058735191
37437 69.0575 0.32955114300016686
37437 69.0702 0.021691973969631236
37437 69.0733 0.14600367094944103
37437 70.0654 0.0584014683797764
37468 58.0656 0.010812109562710235
37468 60.0811 0.0624699663623258
37468 68.0497 0.21864488226814033
37468 69.0575 0.10812109562710236
37468 70.0655 0.38443056222969724
37468 72.081 0.1249399327246516
37468 84.0808 0.028832292167227293
37487 60.0812 0.11048074051955807
37487 68.0499 0.01224246043595103
37487 69.0578 0.03284562555986862
37487 70.0655 0.025679307255897284
37487 71.0689 0.044789489399820845
37487 86.0059 0.03881755747984473
37487 86.0966 0.35831591519856676
37487 87.0999 0.1851298895192595
37487 100.0215 0.08062108091967751
37487 105.0331 0.029561063003881755
37487 116.0706 0.011943863839952225
37521 58.0657 0.13464991023339318
37521 58.9956 0.011968880909634948
37521 60.0813 0.014961101137043686
37521 67.042 0.4189108318372232
37521 67.0544 0.20197486535008977
37521 68.0499 0.03441053261520048
37521 69.0577 0.059844404548174746
37521 70.0655 0.012716935966487134
37522 58.0656 0.13862332695984703
37522 60.0812 0.01601338432122371
37522 67.0421 0.011472275334608031
37522 68.0497 0.4780114722753346
37522 69.0578 0.2055449330783939
37522 71.6706 0.0788718929254302
37543 58.0656 0.1484054310072624
37543 58.9954 0.011682980738869593
37543 60.0812 0.017050836754025894
37543 68.0498 0.4420587306599305
37543 69.0577 0.010419955794126934
37543 70.0654 0.21787180296810862
37543 86.006 0.07578149668455952
37543 100.0213 0.022102936532996525
37543 127.0324 0.012314493211240922
37550 60.0812 0.09829867674858223
37550 68.0498 0.014744801512287334
37550 69.0575 0.011342155009451797
37550 82.0651 0.01058601134215501
37550 84.9598 0.010207939508506616
37550 86.0597 0.01285444234404537
37550 98.06 0.3591682419659735
37550 100.0217 0.010207939508506616
37550 117.0699 0.010207939508506616
37550 119.0857 0.1776937618147448
37550 124.0868 0.02155009451795841
37550 126.0241 0.01625708884688091
37550 127.0324 0.013988657844990548
37550 143.0268 0.015122873345935728
37550 145.1015 0.04914933837429111
37550 149.0822 0.10207939508506617
37564 56.0499 0.10065127294256956
37564 58.0656 0.011545293072824156
37564 60.0811 0.023386619301361752
37564 60.0842 0.03256364712847839
37564 68.0497 0.010065127294256957
37564 69.0575 0.011249259917110717
37564 69.0702 0.04440497335701599
37564 70.0653 0.017761989342806393
37564 71.0688 0.013321492007104795
37564 72.081 0.04440497335701599
37564 73.0843 0.02960331557134399
37564 74.0602 0.2901124925991711
37564 84.0444 0.023090586145648313
37564 84.0808 0.016873889875666074
37564 86.0063 0.02664298401420959
37564 86.0964 0.018058022498519833
37564 87.0996 0.12729425695677915
37564 100.0212 0.03848431024274719
37564 103.0391 0.021314387211367674
37568 60.0812 0.14925373134328357
37568 69.0576 0.016073478760045924
37568 86.006 0.013777267508610792
37568 91.8674 0.44776119402985076
37568 100.0215 0.011481056257175661
37568 127.0324 0.1894374282433984
37568 145.1017 0.06888633754305395
37568 148.0864 0.03616532721010333
37568 171.0223 0.022962112514351322
37568 186.1058 0.014351320321469576
37580 58.0657 0.13464991023339318
37580 58.9956 0.011968880909634948
37580 60.0813 0.014961101137043686
37580 67.042 0.4189108318372232
37580 67.0544 0.20197486535008977
37580 68.0499 0.03441053261520048
37580 69.0577 0.059844404548174746
37580 70.0655 0.012716935966487134
37595 60.0812 0.14339622641509434
37595 68.0498 0.012830188679245283
37595 69.0574 0.017358490566037735
37595 86.006 0.4528301886792453
37595 100.0215 0.22641509433962265
37595 127.0324 0.07547169811320754
37595 171.0232 0.012830188679245283
37595 186.1058 0.020377358490566037
37595 230.0965 0.012830188679245283
37686 60.0812 0.13489208633093525
37686 69.0575 0.017985611510791366
37686 69.0701 0.02877697841726619
37686 100.0216 0.013489208633093525
37686 103.0391 0.011690647482014389
37686 105.9954 0.4226618705035971
37686 127.0323 0.018884892086330936
37686 162.112 0.18884892086330934
37686 186.1057 0.07014388489208633
37686 230.0958 0.08363309352517985
37718 52.9581 0.014123818811581531
37718 57.0339 0.060530652049635134
37718 57.0675 0.5716783804687763
37718 57.0703 0.028920200423714564
37718 57.0731 0.014123818811581531
37718 57.6019 0.014123818811581531
37718 58.0658 0.057167838046877625
37718 60.0812 0.010424723408548274
37718 60.9406 0.19504321215993545
37760 51.8745 0.031931699774797484
37760 55.0548 0.08739202043628785
37760 56.0499 0.6386339954959497
37760 57.0703 0.04537662599576485
37760 58.0657 0.09411448354677154
37760 60.0813 0.04873785755100669
37825 53.1053 0.02027027027027027
37825 53.5196 0.07276507276507277
37825 55.789 0.3586278586278586
37825 57.0704 0.02338877338877339
37825 58.0657 0.4106029106029106
37825 60.0812 0.013513513513513514
37825 65.9787 0.036902286902286904
38103 54.3665 0.10341261633919338
38103 62.8316 0.4343329886246122
38103 68.299 0.03722854188210962
38103 71.0732 0.27404343329886244
38103 72.77 0.010858324715615306
38103 86.0965 0.05687693898655636
38107 54.1647 0.014098804421385067
38107 55.0547 0.06767426122264832
38107 57.034 0.022558087074216106
38107 57.0704 0.013158884126626063
38107 57.6643 0.014098804421385067
38107 58.0658 0.029137529137529136
38107 60.0449 0.013158884126626063
38107 60.0781 0.6955410181216632
38107 60.0812 0.026317768253252126
38470 55.0548 0.05505395287381634
38470 57.034 0.5175071570138736
38470 57.0703 0.011010790574763268
38470 58.0655 0.01761726491962123
38470 60.0812 0.012111869632239595
38470 66.9931 0.016516185862144903
38470 67.0546 0.042942083241576744
38470 69.0702 0.24223739264479188
39075 57.0338 0.05718954248366013
39075 57.0703 0.041870915032679736
39075 60.0812 0.5616830065359477
39075 65.5099 0.02246732026143791
39075 82.0816 0.011233660130718954
39075 85.0284 0.013276143790849673
39075 88.6704 0.08680555555555555
39075 88.7243 0.1736111111111111
39273 55.0546 0.08237797762064941
39273 56.0498 0.013043179789936157
39273 58.0654 0.010297247202581176
39273 58.9955 0.010297247202581176
39273 59.0735 0.3089174160774353
39273 60.0812 0.010983730349419922
39273 67.0421 0.4187547195716345
39273 68.0497 0.020594494405162353
39296 53.4678 0.11865211200759374
39296 54.5524 0.012339819648789748
39296 55.0546 0.36070242050308493
39296 56.0138 0.170859041290935
39296 57.9519 0.021831988609397248
39296 58.0656 0.013763644992880873
39296 58.9954 0.052206929283341245
39296 60.0561 0.10441385856668249
39320 60.0812 0.08379888268156424
39320 68.0498 0.30027932960893855
39320 69.0576 0.01047486033519553
39320 74.0966 0.5027932960893855
39320 100.0215 0.030027932960893854
39320 127.0324 0.040502793296089384
39323 60.0811 0.13347894672976582
39323 67.0418 0.010314282247300084
39323 68.0497 0.016988229583788376
39323 69.0575 0.011649071714597743
39323 70.0652 0.010314282247300084
39323 72.081 0.014561339643247179
39323 74.0602 0.42470573959470936
39323 78.1232 0.19415119524329572
39323 83.0602 0.06431258342434171
39323 84.0808 0.012134449702705982
39323 86.0059 0.02184200946487077
39645 56.666 0.06847150531970926
39645 57.0339 0.5969310720179781
39645 57.0704 0.014923276800449454
39645 58.0656 0.024579514730152043
39645 60.0812 0.049159029460304086
39645 64.9667 0.19312475859405176
39703 57.0339 0.012571376641473425
39703 57.0677 0.05907032397800766
39703 57.0703 0.5755570028626388
39703 58.0658 0.028777850143131938
39703 60.0812 0.015146236917437862
39703 61.6707 0.062099571361495236
39703 67.0545 0.21204731684413008
40423 51.3754 0.020550215445807093
40423 57.0703 0.07292011932383162
40423 60.0812 0.31156778256546236
40423 61.4656 0.02320185614849188
40423 63.9773 0.37785880013258205
40423 67.0546 0.010606562810739144
40423 69.0701 0.010606562810739144
40423 71.0733 0.022538945972820683
40423 71.0858 0.057010275107722906
40758 56.0499 0.01990794085531753
40758 57.034 0.05670746789090449
40758 57.0704 0.6032709350096221
40758 57.1422 0.027147192075432997
40758 57.7035 0.07239251220115465
40758 58.0654 0.18098128050288664
40812 51.9999 0.02027067310558636
40812 55.0548 0.07750551481547725
40812 57.0703 0.3577177606868181
40812 58.0655 0.02742502831932272
40812 60.0446 0.3934895367554999
40812 60.0812 0.01728969176652954
40812 60.0842 0.03577177606868181
40823 57.0702 0.02581311306143521
40823 58.0658 0.08002065049044915
40823 60.0811 0.6582343830665979
40823 71.0733 0.03742901393908105
40823 71.0858 0.10067114093959731
40823 75.0443 0.06453278265358803
40830 57.0702 0.11325219743069642
40830 58.3486 0.43948613928329955
40830 60.0811 0.03380662609871535
40830 67.6316 0.021974306964164976
40830 71.0731 0.2704530087897228
40830 75.3534 0.05070993914807302
40875 57.0703 0.012887828162291169
40875 60.0811 0.010501193317422435
40875 60.5355 0.09069212410501193
40875 71.0856 0.5727923627684964
40875 81.0699 0.081145584725537
40875 81.1689 0.028639618138424822
40875 86.0964 0.12410501193317422
40875 104.1068 0.023389021479713605
40889 57.0704 0.014806789454676778
40889 59.9917 0.06861682918020946
40889 60.0812 0.37919826652221017
40889 67.2514 0.01986276634163958
40889 69.0704 0.39725532683279163
40889 71.0859 0.014265077645359335
40889 74.6101 0.046948356807511735
40937 55.0547 0.02863747008407143
40937 56.05 0.09000347740708163
40937 57.0339 0.6136600732301021
40937 57.0703 0.03477407081637245
40937 57.1082 0.09204901098451532
40937 58.0655 0.047047272280974495
40973 51.2353 0.022104809143843003
40973 55.0546 0.1347854216087988
40973 57.034 0.2911365106750054
40973 57.0704 0.01455682553375027
40973 57.904 0.03827905973689886
40973 58.0655 0.012400258788009488
40973 60.0782 0.07547983610092733
40973 60.0812 0.04528790166055639
40973 65.8815 0.09165408669398317
40973 67.0546 0.03127021781324132
40973 69.0702 0.14017683847315074
41049 55.0549 0.021117837533436577
41049 57.0703 0.11262846684499507
41049 58.0656 0.015486414191186822
41049 60.0812 0.3519639588906096
41049 67.0546 0.02674926087568633
41049 69.0702 0.0732085034492468
41049 71.0732 0.032380684217936086
41049 71.0859 0.09854990848937069
41049 79.0547 0.02674926087568633
41049 81.07 0.08869491764043362
41845 57.4098 0.014632268001540239
41845 58.0655 0.14632268001540238
41845 59.0733 0.013477088948787063
41845 60.0811 0.8086253369272237
42049 54.6321 0.025291627954991226
42049 55.0548 0.010839269123567669
42049 56.0498 0.07226179415711778
42049 57.0339 0.5677712398059255
42049 57.0704 0.0387116754413131
42049 58.0656 0.08516568597088882
42049 59.0495 0.025807783627542068
42049 60.0812 0.05419634561783834
42330 53.5595 0.016454749439042633
42330 55.0547 0.013612565445026177
42330 57.0704 0.02692595362752431
42330 62.5968 0.02243829468960359
42330 67.0545 0.02692595362752431
42330 69.0702 0.12415856394913986
42330 71.0732 0.028421839940164548
42330 71.0858 0.025430067314884067
42330 79.0546 0.014659685863874346
42330 81.0699 0.011518324607329843
42330 83.0857 0.012565445026178011
42330 85.1012 0.32909498878085264
42330 86.0965 0.08676140613313388
42330 93.0699 0.10321615557217652
42330 95.0855 0.032909498878085267
42645 52.1122 0.022489539748953975
42645 55.0547 0.075836820083682
42645 56.0499 0.549163179916318
42645 56.0634 0.03399581589958159
42645 57.034 0.03922594142259414
42645 57.0704 0.08368200836820083
42645 58.0653 0.06014644351464435
44157 56.1552 0.13192612137203166
44157 60.0783 0.4837291116974494
44157 60.0812 0.047493403693931395
44157 69.008 0.25505716798592787
44157 69.0702 0.03430079155672823
44299 55.0547 0.02509526907705177
44299 57.0339 0.024165814666790592
44299 57.0677 0.017659633794962357
44299 57.0703 0.03067199553861883
44299 57.2982 0.023236360256529417
44299 60.0812 0.012082907333395296
44299 61.6616 0.033460358769402364
44299 67.0545 0.03810763082070824
44299 69.0701 0.0278836323078353
44299 69.6602 0.024165814666790592
44299 70.0655 0.02509526907705177
44299 71.0859 0.023236360256529417
44299 75.0443 0.012082907333395296
44299 81.07 0.012082907333395296
44299 83.0856 0.016730179384701182
44299 85.0284 0.014871270564178828
44299 85.1012 0.010223998512872944
44299 86.0964 0.278836323078353
44299 95.0128 0.01115345292313412
44299 95.0855 0.2230690584626824
44299 97.1011 0.026954177897574125
44492 53.039 0.012039278144947893
44492 55.0547 0.016303189154616936
44492 55.2102 0.05643411630444325
44492 55.3059 0.01254091473432072
44492 56.0499 0.0539259333575791
44492 57.0703 0.060196390724739465
44492 65.0389 0.03762274420296216
44492 67.0545 0.07148321398562811
44492 69.0702 0.05643411630444325
44492 70.0654 0.03762274420296216
44492 72.081 0.042639110096690455
44492 72.7431 0.020065463574913154
44492 73.1069 0.06646684809189983
44492 77.0386 0.042639110096690455
44492 79.0544 0.030098195362369733
44492 81.07 0.045147293043554595
44492 82.0651 0.015049097681184866
44492 83.0811 0.010283550082142991
44492 83.0857 0.20065463574913153
44602 58.0655 0.013123790150595492
44602 59.0733 0.15420453426949704
44602 60.0812 0.8202368844122182
44603 58.0656 0.01543173239001923
44603 59.0734 0.15194321122480473
44603 59.0761 0.014007264784786685
44603 60.0813 0.8071983096317751
44605 56.05 0.015944475708122303
44605 58.0656 0.15006565372350403
44605 59.0734 0.025323579065841307
44605 60.0812 0.7972237854061152
44607 58.0656 0.017081421442207857
44607 59.0734 0.1406705295240647
44607 60.0812 0.023780018086210938
44607 62.9295 0.8038315972803698
45292 51.0111 0.013489208633093525
45292 55.34 0.08767985611510791
45292 55.6 0.013039568345323741
45292 56.1337 0.5620503597122302
45292 60.0811 0.10341726618705036
45292 61.846 0.012140287769784174
45292 66.0061 0.1191546762589928
45292 67.0545 0.014613309352517985
45367 60.0812 0.03128258602711158
45367 63.8916 0.08937881722031879
45367 71.0733 0.6554446596156711
45367 72.0809 0.03277223298078356
45367 78.921 0.09980634589602264
45367 80.772 0.05213764337851929
45504 55.0182 0.04144255356670488
45504 55.0546 0.012785468653557888
45504 57.0338 0.04011991887840578
45504 58.0655 0.026452693765981836
45504 59.0733 0.057314169826293976
45504 60.0812 0.041883431796137904
45504 65.0391 0.02116215501278547
45504 67.0545 0.08817564588660612
45504 69.0338 0.03923816241953972
45504 69.0702 0.017194250947888193
45504 71.0492 0.02997971960144608
45504 73.0286 0.032624988978044264
45504 79.0543 0.02072127678335244
45504 81.0699 0.034388501895776385
45504 83.0491 0.015430738030156071
45504 83.0856 0.012344590424124858
45504 85.0285 0.016753372718455162
45504 86.0961 0.011462833965258795
45504 87.0439 0.010140199276959704
45504 88.9329 0.011462833965258795
45504 89.0232 0.010581077506392735
45504 91.0541 0.1454898157129001
45579 53.0027 0.09832841691248771
45579 54.0104 0.0702345835089198
45579 55.0183 0.01966568338249754
45579 55.0522 0.028093833403567917
45579 55.0547 0.0234115278363066
45579 56.05 0.08896380577796507
45579 58.0292 0.5852881959076649
45615 63.8073 0.012285012285012284
45615 68.4208 0.012285012285012284
45615 69.6293 0.01597051597051597
45615 86.0966 0.08722358722358722
45615 96.2622 0.014742014742014743
45615 97.7898 0.0171990171990172
45615 104.1069 0.40540540540540543
45615 146.9817 0.04176904176904177
45615 149.7506 0.014742014742014743
45615 156.0113 0.0171990171990172
45615 473.3001 0.28255528255528256
45615 489.2975 0.028255528255528257
45615 532.3759 0.05036855036855037
45620 50.6663 0.016464002634240422
45620 57.0704 0.0823200131712021
45620 58.0634 0.01764000282240045
45620 58.0659 0.036456005832960936
45620 58.5971 0.8114401298304208
45916 60.0812 0.08288701861769956
45916 61.0782 0.06248406018872737
45916 61.0846 0.022953328232593728
45916 61.0875 0.12751849018107625
45916 64.9276 0.16577403723539913
45916 69.0337 0.012114256567202244
45916 84.0445 0.03187962254526906
45916 84.0809 0.01160418260647794
45916 85.0284 0.010328997704667177
45916 87.0441 0.021678143330782964
45916 88.0474 0.06630961489415965
45916 91.0543 0.33154807447079826
45918 58.0655 0.015791135909043057
45918 59.0733 0.14738393515106854
45918 60.0812 0.0273713022423413
45918 62.9294 0.8000842193915149
46031 50.404 0.1130420111354817
46031 51.2988 0.5061582588155896
46031 60.0812 0.025307912940779484
46031 64.3223 0.23620718744727517
46031 68.8543 0.04049266070524717
46063 56.0883 0.10548523206751055
46063 60.0813 0.4571026722925457
46063 66.8099 0.04219409282700422
46063 70.5506 0.2707454289732771
46063 71.073 0.03867791842475387
46218 55.0547 0.0710185239983429
46218 57.034 0.538557140320767
46218 57.0703 0.0171628099662662
46218 58.0656 0.01124459963307096
46218 60.0812 0.2012191513286382
46433 51.6678 0.0282908297296205
46433 55.0545 0.07881016853251424
46433 58.0654 0.01414541486481025
46433 60.0811 0.5961281978741462
46433 61.6894 0.04647779169866225
46433 67.0545 0.03435315038596775
46433 69.0701 0.08487248918886149
46433 71.0731 0.0444570181465465
46495 57.0703 0.01944174420219414
46495 57.4135 0.0972087210109707
46495 60.0812 0.015275656158866825
46495 71.0731 0.0361060963755034
46495 71.0859 0.7776697680877656
46495 85.1006 0.023607832245521456
46536 50.0744 0.011982570806100218
46536 53.135 0.013071895424836602
46536 60.0812 0.02287581699346405
46536 60.1998 0.015250544662309368
46536 60.7928 0.013071895424836602
46536 61.6379 0.013071895424836602
46536 62.9036 0.013071895424836602
46536 86.0963 0.07080610021786492
46536 100.4492 0.018518518518518517
46536 104.444 0.018518518518518517
46536 125.0003 0.018518518518518517
46536 184.0733 0.6753812636165577
46536 486.3384 0.016339869281045753
46536 587.1132 0.018518518518518517
46536 607.3599 0.03812636165577342
46536 625.3676 0.02287581699346405
46628 55.0547 0.06820839288034299
46628 55.9941 0.584643367545797
46628 57.0339 0.015265687930362478
46628 57.0703 0.01006885799662206
46628 58.0658 0.16564895413797584
46660 51.2839 0.011784511784511785
46660 55.0547 0.010942760942760943
46660 55.5191 0.010942760942760943
46660 56.1631 0.010942760942760943
46660 57.0703 0.015151515151515152
46660 63.1742 0.012626262626262626
46660 67.0545 0.04292929292929293
46660 69.0702 0.02861952861952862
46660 76.2352 0.011784511784511785
46660 79.0544 0.020202020202020204
46660 81.0702 0.0707070707070707
46660 81.9298 0.013468013468013467
46660 83.0857 0.015993265993265993
46660 86.0965 0.1936026936026936
46660 93.0703 0.034511784511784514
46660 95.0854 0.049663299663299666
46660 107.086 0.016835016835016835
46660 109.1013 0.026094276094276093
46660 121.1014 0.02441077441077441
46660 128.4314 0.012626262626262626
46660 131.0853 0.01430976430976431
46660 132.1449 0.01430976430976431
46660 135.1172 0.020202020202020204
46660 146.9816 0.10942760942760943
46660 149.1322 0.020202020202020204
46660 184.0731 0.07744107744107744
46660 248.9102 0.01430976430976431
46660 334.2473 0.013468013468013467
46660 335.1529 0.015151515151515152
46660 599.5025 0.06734006734006734
46661 64.2198 0.01433389544688027
46661 66.2186 0.012647554806070826
46661 67.0546 0.026981450252951095
46661 72.6355 0.013490725126475547
46661 81.0698 0.04300168634064081
46661 83.0854 0.01433389544688027
46661 83.6568 0.013490725126475547
46661 85.6788 0.01517706576728499
46661 86.0964 0.12647554806070826
46661 91.8641 0.016020236087689713
46661 92.655 0.012647554806070826
46661 93.0701 0.0193929173693086
46661 95.0853 0.026138279932546374
46661 107.0855 0.01517706576728499
46661 109.1012 0.021079258010118045
46661 124.9991 0.01517706576728499
46661 134.5204 0.01770657672849916
46661 136.6852 0.012647554806070826
46661 137.6575 0.01433389544688027
46661 146.9815 0.07419898819561552
46661 184.0733 0.3288364249578415
46661 195.3014 0.016020236087689713
46661 233.0603 0.01433389544688027
46661 357.2311 0.01433389544688027
46661 363.9049 0.01770657672849916
46661 599.4978 0.03962900505902192
46661 720.179 0.024451939291736932
46661 775.6876 0.02023608768971332
46740 57.0339 0.011625858728201514
46740 57.0703 0.05989078738770477
46740 58.422 0.5636779989431038
46740 58.799 0.014444248722917033
46740 60.0812 0.029945393693852386
46740 67.0546 0.2289941870706359
46962 58.0656 0.030340888809566303
46962 59.0733 0.10887024808138497
46962 60.0812 0.1517044440478315
46962 61.0111 0.6603605211493843
46962 62.9295 0.013207210422987685
46962 79.0544 0.021417097983223273
46996 58.0656 0.01647183846971307
46996 59.0733 0.09564293304994687
46996 60.0812 0.022848034006376194
46996 82.0139 0.021253985122210415
46996 85.0285 0.048352816153028694
46996 86.0964 0.021785334750265676
46996 100.0243 0.09032943676939426
46996 102.0914 0.015940488841657812
46996 103.0389 0.6376195536663124
47000 51.9599 0.013315579227696404
47000 57.265 0.014647137150466045
47000 69.735 0.015978695073235686
47000 79.8134 0.018641810918774968
47000 86.0967 0.08122503328894808
47000 104.1069 0.4394141145139814
47000 119.0854 0.02130492676431425
47000 146.9815 0.0426098535286285
47000 168.3652 0.017310252996005325
47000 188.2195 0.019973368841544607
47000 249.9388 0.018641810918774968
47000 473.2997 0.2396804260985353
47000 532.3731 0.05725699067909454
48001 51.3499 0.019783232297539814
48001 52.62 0.08195910523266495
48001 55.0547 0.5652352085011375
48001 57.0702 0.035327200531321094
48001 58.063 0.028261760425056875
48001 58.0653 0.010598160159396328
48001 59.0734 0.06924131304138935
48001 60.0812 0.016957056255034127
48001 67.0546 0.052284256786355225
48001 69.0702 0.019783232297539814
48740 55.0547 0.011677127426653043
48740 57.0339 0.04378922784994891
48740 57.0703 0.01240694789081886
48740 60.0812 0.3649102320829076
48740 67.0546 0.011823091519486207
48740 69.0702 0.01153116333381988
48740 71.0494 0.056925996204933584
48740 71.0857 0.011385199240986717
48740 79.0543 0.010947306962487227
48740 81.0334 0.012698876076485184
48740 81.07 0.03503138227995913
48740 83.0493 0.012698876076485184
48740 83.0856 0.17515691139979564
49970 53.6298 0.01871194771825951
49970 54.1669 0.014801988493548567
49970 54.9352 0.011729877674132827
49970 56.0501 0.44685248282410767
49970 58.0656 0.01647768530413897
49970 59.0734 0.013964140088253365
49970 60.0559 0.024297603753560857
49970 62.5411 0.03630676422945875
49970 68.9824 0.014801988493548567
49970 70.0654 0.015360554097078701
49970 70.4258 0.010892029268837625
49970 70.8589 0.06982070044126683
49970 76.0759 0.13405574484723232
49970 77.0791 0.05306373233536279
49970 81.4837 0.020387644528849915
50083 51.308 0.02746390458254865
50083 57.0704 0.10200878844946641
50083 58.0658 0.047080979284369114
50083 60.0812 0.7689893283113622
50083 63.4268 0.010200878844946642
50167 57.0704 0.023344191096634093
50167 67.1373 0.03745928338762215
50167 71.0494 0.011943539630836048
50167 71.0859 0.010857763300760043
50167 81.0337 0.01031487513572204
50167 81.0704 0.013572204125950055
50167 85.1012 0.1737242128121607
50167 86.0965 0.010857763300760043
50167 96.9908 0.031487513572204126
50167 97.1011 0.1248642779587405
50167 99.0439 0.01031487513572204
50167 104.1072 0.05971769815418024
50167 121.123 0.024429967426710098
50167 141.9144 0.2768729641693811
50167 146.9817 0.016286644951140065
50167 166.5871 0.014657980456026058
50167 184.0735 0.08686210640608034
50167 411.3103 0.02280130293159609
50245 57.0703 0.01944174420219414
50245 57.4135 0.0972087210109707
50245 60.0812 0.015275656158866825
50245 71.0731 0.0361060963755034
50245 71.0859 0.7776697680877656
50245 85.1006 0.023607832245521456
51683 55.0548 0.010529640939243972
51683 58.0655 0.02211224597241234
51683 60.0812 0.0747604506686322
51683 67.0545 0.01474149731494156
51683 68.0796 0.30535958723807516
51683 69.07 0.023165210066336737
51683 71.0731 0.3474781509950511
51683 71.7354 0.015794461408865958
51683 79.0544 0.016847425502790354
51683 81.0699 0.06423080972938823
52083 56.9654 0.0545603346367191
52083 60.0448 0.01955078657815768
52083 60.0812 0.02500682004182959
52083 62.9295 0.6365372374283895
52083 64.7581 0.10002728016731836
52083 65.3396 0.029553514594889516
52083 67.0543 0.025461489497135583
52083 69.0702 0.011366736382649813
52083 72.0447 0.03955624261162135
53529 55.0547 0.017826336975273145
53529 57.0339 0.02875215641173088
53529 57.0704 0.014567759248610312
53529 60.0812 0.014759440291355185
53529 67.0544 0.011500862564692352
53529 69.0338 0.26835345984282155
53529 69.07 0.013225991949396205
53529 71.0858 0.021084914701935978
53529 79.0543 0.010542457350967989
53529 81.0336 0.06133793367835921
53529 81.0699 0.01437607820586544
53529 83.0491 0.10350776308223117
53529 83.0857 0.026835345984282156
53529 85.0284 0.011500862564692352
53529 91.0542 0.010542457350967989
53529 93.0696 0.021084914701935978
53529 95.0489 0.01514280237684493
53529 95.0855 0.11692543607437224
53851 54.1298 0.021422450728363324
53851 54.4614 0.08354755784061697
53851 67.4627 0.014995715509854327
53851 68.5979 0.7497857754927164
53851 70.6433 0.04070265638389032
55090 53.4397 0.010800691244239631
55090 60.0811 0.07344470046082949
55090 67.0544 0.47523041474654376
55090 68.5245 0.0748847926267281
55090 69.07 0.10656682027649769
55090 71.0731 0.10224654377880184
55090 71.0857 0.012096774193548387
55090 79.0543 0.01238479262672811
55337 50.1948 0.01915375239421905
55337 52.7292 0.07748563468570434
55337 56.7909 0.03134250391781299
55337 57.0704 0.8096813512101689
58035 57.0704 0.014786505607497896
58035 58.0629 0.06483313997133693
58035 58.0654 0.8985645715325644
